2.4800000023 0.3520820228
2.6200000024 0.4342959705
2.7600000026 0.5111061495
2.9000000027 0.5732717686
3.0400000028 0.6255451069
3.2000000030 0.6683171166
3.3400000031 0.7100083931
3.4800000032 0.7489605176
3.6200000034 0.7872783476
3.7600000035 0.8262181486
3.9000000036 0.8580530079
4.0400000038 0.8918600782
4.1800000039 0.9159234953
4.3400000040 0.9561050048
4.4800000042 1.0000059458
4.6200000043 1.0526062585
4.7600000044 1.1007018287
4.9000000046 1.1467717938
5.0400000047 1.1947594132
5.1800000048 1.2423585039
5.3200000050 1.2957956266
5.4600000051 1.3465421860
5.6000000052 1.4020015460
5.7600000054 1.4500140792
5.9000000055 1.5118281053
6.0400000056 1.5755490931
6.2000000058 1.6514097004
6.3400000059 1.7237872383
6.4800000060 1.8003927109
6.6000000061 1.8706892591
6.7600000063 1.9408003786
6.9200000064 2.0225333499
7.0800000066 2.1065976454
7.2400000067 2.1807756437
7.3800000069 2.2433736321
7.5200000070 2.3094312087
7.6800000072 2.3580138395
7.8400000073 2.4111316730
8.0000000075 2.4550991716
8.1400000076 2.4989239224
8.3000000077 2.5418561177
8.4400000079 2.5696189898
8.5800000080 2.6005462738
8.7400000081 2.6337405608
8.8800000083 2.6741208526
9.0200000084 2.7185845379
9.1800000085 2.7728112967
9.3200000087 2.8236809592
9.4600000088 2.8866057926
9.6000000089 2.9527949827
9.7400000091 3.0368744448
9.9000000092 3.1156787043
10.0400000094 3.1946622177
10.1800000095 3.2758811298
10.3400000096 3.3622656618
10.4800000098 3.4308118982
10.6200000099 3.4989367182
10.7800000100 3.5640792277
10.9400000102 3.6216840432
11.1000000103 3.6810860251
11.2600000105 3.7288162703
11.4200000106 3.7696203657
11.5600000108 3.8163355995
11.7000000109 3.8679845613
11.8600000110 3.9108408607
12.0000000112 3.9905441078
12.1400000113 4.0579520582
12.3000000115 4.1322607152
12.4400000116 4.2071748510
12.5800000117 4.2911429567
12.7200000118 4.3825361348
12.8800000120 4.4797014010
13.0400000121 4.5812553901
13.1800000123 4.6738794776
13.3400000124 4.7494148445
13.4600000125 4.8145906424
13.6200000127 4.8952078620
13.7600000128 4.9681834197
13.9200000130 5.0254881842
14.0800000131 5.0664342111
14.2400000133 5.0877135802
14.4000000134 5.1004500344
14.5600000136 5.1219936403
14.7200000137 5.1411224818
14.8800000139 5.1633034566
15.0400000140 5.1775791216
15.1800000141 5.1648823149
15.3400000143 5.1759964858
15.5000000144 5.1852586532
15.6400000146 5.2212247827
15.7800000147 5.2652876143
15.9200000148 5.3042569201
16.0600000150 5.3545006172
16.2000000151 5.4037537296
16.3400000152 5.4536138022
16.5000000154 5.5132959178
16.6400000155 5.5870539390
16.7800000156 5.6412413750
16.9400000158 5.6820708173
17.0800000159 5.7495817378
17.2200000160 5.8085342948
17.3800000162 5.8735549653
17.5200000163 5.9468017622
17.6800000165 6.0032647600
17.8200000166 6.0637370293
17.9600000167 6.1202572534
18.1000000169 6.1945506964
18.2600000170 6.2759570253
18.4000000171 6.3413260141
18.5400000173 6.4290370428
18.7000000174 6.4879306446
18.8400000175 6.5524567767
19.0000000177 6.6100195823
19.1600000178 6.6607843363
19.3000000180 6.7085732369
19.4400000181 6.7520815636
19.5800000182 6.8093245298
19.7200000184 6.8576219632
19.8600000185 6.9167165868
20.0000000186 6.9822623093
20.1600000188 7.0367943481
20.3000000189 7.1082571108
20.4600000191 7.1633642426
20.6000000192 7.2368259830
20.7600000193 7.3190604931
20.9000000195 7.3835404676
21.0400000196 7.4477943175
21.2000000197 7.4888435270
21.3600000199 7.5246426910
21.5000000200 7.5698467219
21.6600000202 7.5863666623
21.8000000203 7.6100433981
21.9600000205 7.5968672888
22.1200000206 7.5872082521
22.2800000207 7.5795857181
22.4400000209 7.5636097257
22.5800000210 7.5631822387
22.7400000212 7.5424800105
22.8800000213 7.5122586488
23.0400000215 7.4906328810
23.1800000216 7.4738191304
23.3200000217 7.4642915371
23.4600000218 7.4655817649
23.6000000220 7.4644152895
23.7400000221 7.4576809817
23.9000000223 7.4572407821
24.0400000224 7.4758375055
24.2000000225 7.4920125751
24.3600000227 7.5257530603
24.5000000228 7.5525795350
24.6400000229 7.5569274059
24.7800000231 7.5551130979
24.9400000232 7.5435963990
25.1000000234 7.5342313561
25.2400000235 7.5216665620
25.3800000236 7.4651111741
25.5400000238 7.4132427456
25.7000000239 7.3255607276
25.8400000241 7.2458156514
25.9800000242 7.1742667834
26.1400000243 7.0835453345
26.2800000245 7.0115316545
26.4200000246 6.9526526795
26.5400000247 6.8978243222
26.6600000248 6.8954678348
26.8000000250 6.8940637638
26.9200000251 6.9198006279
27.0600000252 6.9836547561
27.1800000253 7.0361846317
27.3200000254 7.1185813410
27.4600000256 7.1956618117
27.5800000257 7.3106972179
27.7200000258 7.4246528616
27.8800000260 7.5355323961
28.0200000261 7.6228631099
28.1600000262 7.7074831771
28.3000000264 7.8077866464
28.4200000265 7.8762149256
28.5800000266 7.9551543343
28.7000000267 8.0156157563
28.8400000269 8.0584561839
28.9600000270 8.1207457984
29.1000000271 8.1446013074
29.2600000273 8.1677428969
29.4200000274 8.2074858702
29.5400000275 8.2326259205
29.6800000276 8.2591557737
29.8200000278 8.2674102655
29.9400000279 8.2762524462
30.0800000280 8.3207815512
30.2200000281 8.3520736033
30.3600000283 8.4050107331
30.5000000284 8.4463729038
30.6400000285 8.4834416399
30.7600000286 8.5424562671
30.9200000288 8.5959261141
31.0600000289 8.6500431438
31.2200000291 8.7033482136
31.3600000292 8.7513479782
31.5000000293 8.7829224616
31.6400000295 8.8177410167
31.7800000296 8.8619129877
31.9200000297 8.8665033719
32.0600000299 8.9077677320
32.2000000300 8.9469847238
32.3400000301 8.9820913786
32.4600000302 9.0044748451
32.6000000304 9.0613066073
32.7400000305 9.1392614546
32.8600000306 9.2163268620
33.0200000308 9.3038942602
33.1600000309 9.4016333518
33.3000000310 9.4842917053
33.4200000311 9.5662517719
33.5600000313 9.6746976822
33.7000000314 9.7595384431
33.8600000315 9.8614434401
33.9800000316 9.9368225925
34.1400000318 10.0132738500
34.2800000319 10.1013286022
34.4200000321 10.1784769623
34.5800000322 10.2534876386
34.7400000324 10.3369512800
34.8800000325 10.4378825530
35.0200000326 10.5210872292
35.1800000328 10.6056298146
35.3400000329 10.6707373602
35.5000000331 10.7672704545
35.6400000332 10.8365208862
35.7800000333 10.8949103916
35.9400000335 10.9374927168
36.1000000336 10.9418899548
36.2400000338 10.9528150509
36.3800000339 10.9719702186
36.5400000340 10.9807561405
36.7000000342 10.9662656339
36.8600000343 10.9532702549
37.0000000345 10.9417177269
37.1600000346 10.9373568025
37.3200000348 10.9423431725
37.4800000349 10.9649923334
37.6400000351 10.9688254459
37.7800000352 10.9931872459
37.9200000353 11.0133541491
38.0800000355 11.0310753944
38.2200000356 11.0493017743
38.3800000357 11.0722528965
38.5400000359 11.1079065290
38.7000000360 11.1180544771
38.8400000362 11.1260605076
39.0000000363 11.1328926211
39.1400000365 11.1455147775
39.2800000366 11.1842186997
39.4400000367 11.2096560819
39.5800000369 11.2402491014
39.7400000370 11.2733950615
39.8800000371 11.3065535655
40.0200000373 11.3419766183
40.1600000374 11.3803600616
40.3200000376 11.4234511195
40.4600000377 11.4395080560
40.6000000378 11.4661838201
40.7400000379 11.5086019907
40.8800000381 11.5227398467
41.0200000382 11.5412071594
41.1800000384 11.5717088773
41.3400000385 11.5770970876
41.4800000386 11.6014197839
41.6200000388 11.6306397339
41.7800000389 11.6393554289
41.9400000391 11.6414628877
42.0800000392 11.6399841949
42.2200000393 11.6599251356
42.3800000395 11.6749093852
42.5400000396 11.6852920549
42.6800000397 11.6977554471
42.8400000399 11.7138164937
42.9800000400 11.7419554574
43.1200000402 11.7906221778
43.2600000403 11.8543552506
43.4000000404 11.9362236271
43.5200000405 12.0503691720
43.6600000407 12.1568321857
43.8200000408 12.2770765768
43.9800000410 12.4123922944
44.1400000411 12.5464701211
44.3000000413 12.6726751926
44.4600000414 12.8081222577
44.6200000416 12.9044864498
44.7600000417 12.9890515522
44.9200000418 13.0861133776
45.0800000420 13.1655481865
45.2200000421 13.2297833237
45.3800000423 13.2581079701
45.5400000424 13.2870142309
45.7000000426 13.2854364552
45.8600000427 13.3035808693
46.0000000428 13.3159371249
46.1400000430 13.3213401910
46.2800000431 13.3134052124
46.4400000433 13.3043155366
46.5800000434 13.2956572932
46.7400000435 13.2898344225
46.9000000437 13.2591183350
47.0600000438 13.2474684876
47.2200000440 13.2373697841
47.3600000441 13.2281261120
47.5000000442 13.2272489341
47.6600000444 13.2364051166
47.8200000445 13.2560415725
47.9600000447 13.2777914292
48.1000000448 13.3043284605
48.2400000449 13.3085724838
48.4000000451 13.3374605235
48.5400000452 13.3421527065
48.6800000453 13.3738280278
48.8400000455 13.4222495561
49.0000000456 13.4385567519
49.1400000458 13.4557933346
49.3000000459 13.4780083931
49.4400000460 13.5108033076
49.6000000462 13.5570814825
49.7400000463 13.6162464473
49.8800000465 13.6921077961
50.0400000466 13.8001631109
50.1800000467 13.8668465153
50.3200000469 13.9700135528
50.4800000470 14.0550919174
50.6200000471 14.1625316129
50.7800000473 14.2646748321
50.9400000474 14.3574663543
51.0800000476 14.4102363891
51.2400000477 14.4762965042
51.3800000479 14.5631682496
51.5400000480 14.6240215523
51.7000000481 14.7111907637
51.8400000483 14.7792258876
52.0000000484 14.8650747496
52.1400000486 14.9380111541
52.2800000487 15.0539611759
52.4400000488 15.1468111702
52.6000000490 15.2685493149
52.7200000491 15.3894405239
52.8800000492 15.5051448362
53.0200000494 15.6208445742
53.1600000495 15.7387854310
53.3000000496 15.8811650871
53.4600000498 16.0369701325
53.6200000499 16.2017155777
53.7600000501 16.3486362005
53.9200000502 16.4804305017
54.0600000503 16.6582158182
54.2000000505 16.8741503468
54.3400000506 17.0608072667
54.4800000507 17.2430044486
54.6200000509 17.4136699191
54.7800000510 17.5738095719
54.9200000511 17.7227295117
55.0800000513 17.8618108923
55.2400000514 18.0103373950
55.4000000516 18.0733425535
55.5400000517 18.1781044382
55.6800000519 18.2462342372
55.8200000520 18.3186866957
55.9800000521 18.3567401620
56.1400000523 18.4182190881
56.2800000524 18.4764919263
56.4400000526 18.4853285887
56.5800000527 18.4915065152
56.7200000528 18.5351480036
56.8600000530 18.5850688691
57.0000000531 18.6645891312
57.1400000532 18.7165752816
57.2800000533 18.7844759988
57.4400000535 18.8729465860
57.5800000536 18.9856881708
57.7400000538 19.1257821662
57.8800000539 19.2826385314
58.0200000540 19.4038051752
58.1600000542 19.5577030568
58.3000000543 19.6611329914
58.4400000544 19.8120664950
58.5800000546 19.9096417337
58.7400000547 19.9927979734
58.9000000549 20.0592034508
59.0600000550 20.1406417821
59.2200000552 20.1788017281
59.3800000553 20.2245415381
59.5400000555 20.3166165325
59.6800000556 20.3899273066
59.8200000557 20.4862465826
59.9600000558 20.5553114221
60.1000000560 20.6693016036
60.2600000561 20.7923323253
60.4200000563 20.8666574453
60.5800000564 20.9659443848
60.7200000565 20.9986948720
60.8600000567 20.9900672327
61.0200000568 20.9887034558
61.1600000570 20.9989833010
61.3000000571 20.9550848432
61.4600000572 20.8955575286
61.5800000574 20.8330526101
61.7400000575 20.7917246757
61.9000000576 20.7266756463
62.0200000578 20.7267194924
62.1800000579 20.7606271909
62.3200000580 20.7751632564
62.4600000582 20.8485957921
62.6000000583 20.9425060498
62.7400000584 21.0004790149
62.8800000586 21.1024550377
63.0000000587 21.1905161652
63.1600000588 21.2689565367
63.3200000590 21.3487241747
63.4600000591 21.4642428052
63.6200000593 21.5413017490
63.7600000594 21.6130515980
63.9000000595 21.6674757221
64.0400000596 21.6708028564
64.1800000598 21.7181857881
64.3200000599 21.7738056986
64.4600000600 21.8143106065
64.6000000602 21.7919752777
64.7600000603 21.7517443163
64.9200000605 21.7799241389
65.0600000606 21.7082838711
65.2000000607 21.6797322327
65.3400000609 21.6447283054
65.4600000610 21.6155749040
65.6000000611 21.5602518845
65.7600000612 21.6067863014
65.9000000614 21.5841684567
66.0200000615 21.6682200126
66.1600000616 21.6850932024
66.2800000617 21.7163035555
66.4400000619 21.8084145060
66.5600000620 21.9208319348
66.7200000621 22.0299891012
66.8400000622 22.1170588819
66.9800000624 22.2381782317
67.1000000625 22.3253765257
67.2600000626 22.4325379125
67.4000000628 22.5975137789
67.5400000629 22.7163037807
67.6800000630 22.8835901715
67.8200000632 23.0298153181
67.9600000633 23.2428086999
68.1000000634 23.4322946894
68.2400000636 23.6247839391
68.3600000637 23.7589793201
68.5000000638 23.9692962619
68.6400000639 24.1226400028
68.7800000641 24.3063482966
68.9400000642 24.4302050797
69.0600000643 24.5269499971
69.2000000644 24.5804801332
69.3400000646 24.6151263068
69.4800000647 24.5905628436
69.6200000648 24.6423686117
69.7600000650 24.6841809127
69.8800000651 24.6870532264
70.0200000652 24.7108819608
70.1600000653 24.7592708417
70.3000000655 24.8375802659
70.4600000656 24.9872729101
70.6000000658 25.1205126309
70.7400000659 25.2915271347
70.9000000660 25.4958163315
71.0400000662 25.7247716819
71.1800000663 26.0093967793
71.3400000664 26.2869120368
71.5000000666 26.5766897530
71.6400000667 26.7018305899
71.7800000669 26.8889451745
71.9200000670 27.0470564402
72.0800000671 27.2151971684
72.2200000673 27.2764275644
72.3600000674 27.2980367860
72.5000000675 27.3385878861
72.6800000677 27.3098739243
72.8400000678 27.2771658999
72.9800000680 27.2525612094
73.1400000681 27.2465257097
73.2600000682 27.2651103489
73.4200000684 27.2477646463
73.5600000685 27.2325675606
73.7200000687 27.2724595343
73.8600000688 27.2597201470
74.0000000689 27.2243693327
74.1400000690 27.2191328663
74.3000000692 27.1949423032
74.4600000693 27.1546933736
74.6000000695 27.0652504576
74.7400000696 27.1237787398
74.8800000697 27.0898964834
75.0200000699 27.1005032383
75.1400000700 27.1618422715
75.3000000701 27.3191693408
75.4400000703 27.4064618529
75.5800000704 27.6491999071
75.7200000705 27.8214238861
75.8800000707 28.0525491445
76.0200000708 28.2112738512
76.1600000709 28.3850803847
76.3000000711 28.5269306755
76.4400000712 28.6780374716
76.5800000713 28.7847657854
76.7400000715 28.8162904237
76.8800000716 28.8857957986
77.0000000717 28.9401107641
77.1800000719 28.9577250983
77.3200000720 29.0124191743
77.4600000721 29.1005002905
77.6000000723 29.2176734994
77.7400000724 29.3547107397
77.9000000726 29.5021486912
78.0600000727 29.6587553475
78.2000000728 29.8214728107
78.3400000730 29.9763955001
78.5000000731 30.1604414190
78.6400000732 30.2165158730
78.8000000734 30.3628768044
78.9400000735 30.4358709368
79.1000000737 30.4773739734
79.2400000738 30.4190710479
79.3800000739 30.3857086566
79.5200000741 30.3240237866
79.6600000742 30.2436233597
79.8200000743 30.1566509249
79.9800000745 30.0671441658
80.1400000746 29.9848452194
80.2800000748 29.9138373434
80.4400000749 29.8597286620
80.6000000751 29.8421919790
80.7400000752 29.8692045109
80.8800000753 29.9398532048
81.0200000755 29.9750864005
81.1600000756 30.0671382246
81.3200000757 30.1601403610
81.4600000759 30.2559152609
81.6000000760 30.3475283308
81.7400000761 30.3597879652
81.8800000763 30.3938032450
82.0400000764 30.3276812415
82.2000000766 30.3341387809
82.3400000767 30.3215071692
82.4800000768 30.1810871314
82.6200000769 30.1026442467
82.7800000771 30.0373307937
82.9400000772 29.9119135398
83.0800000774 29.7838220387
83.2400000775 29.6570185610
83.3600000776 29.5207098086
83.5200000778 29.3691683066
83.6600000779 29.2628835809
83.8200000781 29.1530779274
83.9800000782 28.9870302448
84.1000000783 28.8706329860
84.2400000785 28.6908848722
84.4000000786 28.5893037545
84.5400000787 28.4515936526
84.6800000789 28.3974637629
84.8200000790 28.4445214234
84.9600000791 28.4962098291
85.1000000793 28.6647709848
85.2400000794 28.8277259066
85.4000000795 29.0465162714
85.5400000797 29.3665631604
85.6800000798 29.2086493179
85.8200000799 28.8759617162
85.9600000801 28.3440598873
86.1000000802 27.4632537659
86.2400000803 26.1729063744
86.3800000804 24.4412968372
86.5200000806 22.2613142167
86.6600000807 19.6144601373
86.8000000808 16.6590421327
86.9400000810 13.5055658725
88.1000000820 10.2475867651
88.2400000822 7.0310507413
88.3800000823 3.9258556055
88.5200000824 1.1725339444
88.6600000826 -1.2691289252
88.8200000827 -3.2996062001
88.9800000829 -4.9265880733
89.1400000830 -6.1693944838
89.2800000831 -7.0832723959
89.4000000833 -7.7312064505
89.5400000834 -8.1585943883
89.6600000835 -8.1510451384
89.8000000836 -8.1360891207
89.9400000838 -8.1401220834
90.0800000839 -8.1471459794
90.2400000840 -8.1539415412
90.4000000842 -8.1582957196
90.5600000843 -8.1593967361
90.7200000845 -8.1390637816
90.8800000846 -8.1218309330
91.0400000848 -8.0963189500
91.1600000849 -8.0837690182
91.3200000850 -8.0497959063
91.4400000852 -8.0135124225
91.6000000853 -7.9819728815
91.7600000855 -7.9554129726
91.9200000856 -7.9344135068
92.0600000857 -7.9198725973
92.2200000859 -7.9129113340
92.3400000860 -7.8960229949
92.4800000861 -7.8983363056
92.6400000863 -7.9197850039
92.8000000864 -7.9298585613
92.9400000866 -7.9581038220
93.0800000867 -7.9729292809
93.2400000868 -7.9909487044
93.3800000870 -7.9918672396
93.5400000871 -7.9843773442
93.7000000873 -7.9838551416
93.8600000874 -7.9719659224
94.0000000875 -7.9605343675
94.1600000877 -7.9277270509
94.3000000878 -7.8933705637
94.4400000880 -7.8533415300
94.6000000881 -7.8091560833
94.7400000882 -7.7698094356
94.9000000884 -7.7377806068
95.0400000885 -7.6971122928
95.1800000886 -7.6774543252
95.3200000888 -7.6674207463
95.4400000889 -7.6789625804
95.5800000890 -7.6823257398
95.7400000892 -7.6762724730
95.9000000893 -7.6867925775
96.0400000894 -7.6820413837
96.1800000896 -7.6883943393
96.3200000897 -7.6929508127
96.4800000899 -7.7075984815
96.6200000900 -7.7162825767
96.7600000901 -7.7095340284
96.9200000903 -7.7185445684
97.0800000904 -7.7156910351
97.2400000906 -7.7197825205
97.3800000907 -7.7130633473
97.5200000908 -7.7346635717
97.6600000910 -7.7431973940
97.8200000911 -7.7550037933
97.9600000912 -7.7502938810
98.1200000914 -7.7667505564
98.2800000915 -7.7630334753
98.4200000917 -7.7565985794
98.5600000918 -7.7299893290
98.7200000919 -7.7116892304
98.8800000921 -7.7035004900
99.0200000922 -7.6792536116
99.1600000923 -7.6529204170
99.3200000925 -7.6250722609
99.4600000926 -7.6026939701
99.6000000928 -7.5860580006
99.7600000929 -7.5576936590
99.9200000931 -7.5447068997
100.0800000932 -7.5352717420
100.2200000933 -7.5293031529
100.3800000935 -7.5268868255
100.5400000936 -7.5399846810
100.7000000938 -7.5235187112
100.8400000939 -7.5221536617
100.9800000940 -7.5238919140
101.1400000942 -7.5224941141
101.3000000943 -7.5166382818
101.4400000945 -7.5117470661
101.6000000946 -7.5072717981
101.7400000948 -7.4974251128
101.8800000949 -7.4817984049
102.0400000950 -7.4670780972
102.2000000952 -7.4367471162
102.3400000953 -7.4129174401
102.5000000955 -7.3843774733
102.6600000956 -7.3580039049
102.7800000957 -7.3345765957
102.9400000959 -7.3094076033
103.0800000960 -7.2655908331
103.2400000961 -7.2366579065
103.3800000963 -7.2119931178
103.5200000964 -7.1926066288
103.6800000966 -7.1796811315
103.8200000967 -7.1858898767
103.9600000968 -7.1849280963
104.1000000970 -7.1944765872
104.2600000971 -7.2256198622
104.4200000972 -7.2331199517
104.5600000974 -7.2587674739
104.7000000975 -7.2716129892
104.8600000977 -7.2895641797
105.0200000978 -7.2979098172
105.1800000980 -7.3004311850
105.3200000981 -7.3074699836
105.4800000982 -7.3039489164
105.6400000984 -7.2649480935
105.8000000985 -7.2193857089
105.9400000987 -7.1850559165
106.0800000988 -7.1650117879
106.2400000989 -7.1294729453
106.3800000991 -7.0965672147
106.5200000992 -7.0559810485
106.6800000994 -7.0167448075
106.8400000995 -6.9932166261
106.9800000996 -6.9738287432
107.1400000998 -6.9586767177
107.2800000999 -6.9485030999
107.4200001000 -6.9445723919
107.5600001002 -6.9596039464
107.7000001003 -6.9683173485
107.8400001004 -6.9994066124
108.0000001006 -7.0370700333
108.1400001007 -7.0533772820
108.2600001008 -7.0713900805
108.4000001010 -7.1020575934
108.5600001011 -7.1305681679
108.7200001013 -7.1650403155
108.8800001014 -7.1884197899
109.0200001015 -7.1906751701
109.1800001017 -7.1726464566
109.3400001018 -7.1560708348
109.4800001020 -7.1148969881
109.6400001021 -7.0771256493
109.7800001022 -7.0439571643
109.9200001024 -6.9964318440
110.0800001025 -6.9359922363
110.2200001027 -6.8894290611
110.3800001028 -6.8475683311
110.5200001029 -6.7961845638
110.6800001031 -6.7631526548
110.8200001032 -6.7400030739
110.9600001033 -6.7286835463
111.1000001035 -6.7139904362
111.2400001036 -6.7322962384
111.3800001037 -6.7403643686
111.5400001039 -6.7519605510
111.6800001040 -6.7700072171
111.8200001041 -6.7754816502
111.9800001043 -6.7914808074
112.1200001044 -6.7897296100
112.2600001046 -6.8060228674
112.4200001047 -6.7990640977
112.5800001048 -6.7803800016
112.7000001050 -6.7670482019
112.8600001051 -6.7402259241
113.0000001052 -6.7013994044
113.1600001054 -6.6877999534
113.3000001055 -6.6484226050
113.4400001056 -6.6097570197
113.6000001058 -6.5817609972
113.7200001059 -6.5538761234
113.8800001061 -6.5323074501
114.0200001062 -6.5176156430
114.1400001063 -6.5213391326
114.3000001065 -6.5028506734
114.4600001066 -6.4985698379
114.6000001067 -6.4973916838
114.7600001069 -6.4886439032
114.9000001070 -6.4910368738
115.0400001071 -6.4923043983
115.1800001073 -6.4916221317
115.3400001074 -6.4872980426
115.5000001076 -6.4791797659
115.6600001077 -6.4774122948
115.8200001079 -6.4632317482
115.9600001080 -6.4541872664
116.1000001081 -6.4468930144
116.2600001083 -6.4266474074
116.3800001084 -6.4193959090
116.5200001085 -6.4089365935
116.6800001087 -6.4100201403
116.8200001088 -6.4017570631
116.9600001089 -6.3987656859
117.1000001091 -6.4002323526
117.2400001092 -6.4062763189
117.3800001093 -6.4284085648
117.5400001095 -6.4378861537
117.6800001096 -6.4510077315
117.8200001097 -6.4839124661
117.9600001099 -6.5213549940
118.1000001100 -6.5368257652
118.2600001101 -6.5779755274
118.4000001103 -6.5907597399
118.5600001104 -6.6224816546
118.7200001106 -6.6356553247
118.8600001107 -6.6448175055
119.0200001108 -6.6499713259
119.1600001110 -6.6472353123
119.3200001111 -6.6482521105
119.4600001113 -6.6461865381
119.6200001114 -6.6440471278
119.7600001115 -6.6183112451
119.9200001117 -6.6085850852
120.0600001118 -6.6040148080
120.2200001120 -6.5883696634
120.3600001121 -6.5846314539
120.5200001122 -6.5664889600
120.6800001124 -6.5522952390
120.8200001125 -6.5158066770
120.9800001127 -6.4864788400
121.1400001128 -6.4396722544
121.3000001130 -6.4109893051
121.4200001131 -6.3529616443
121.5800001132 -6.3024227823
121.7400001134 -6.2513692106
121.8600001135 -6.2079081341
122.0200001136 -6.1593298865
122.1600001138 -6.1313683118
122.3000001139 -6.1257402185
122.4400001140 -6.1191382926
122.5800001142 -6.1269633117
122.7200001143 -6.1331818142
122.8800001144 -6.1546679869
123.0200001146 -6.1784990561
123.1600001147 -6.2073776104
123.3200001149 -6.2488667760
123.4800001150 -6.2769200093
123.6200001151 -6.3154892740
123.7600001153 -6.3348436836
123.9200001154 -6.3593225978
124.0800001156 -6.3551164132
124.2400001157 -6.3705955707
124.3600001158 -6.3568970491
124.5000001159 -6.3623551427
124.6600001161 -6.3482678297
124.8200001162 -6.3142140374
124.9600001164 -6.2886639541
125.1200001165 -6.2574140803
125.2800001167 -6.2210940718
125.4200001168 -6.1868253556
125.5800001170 -6.1569182958
125.7200001171 -6.1339839115
125.8800001172 -6.1304830890
126.0200001174 -6.1198756332
126.1800001175 -6.1172827362
126.3200001176 -6.1272681336
126.4400001178 -6.1332840194
126.6000001179 -6.1556571247
126.7400001180 -6.1670459699
126.8800001182 -6.1974099580
127.0400001183 -6.2114424883
127.2000001185 -6.2179548061
127.3600001186 -6.2012215755
127.5200001188 -6.1994519412
127.6600001189 -6.1661935378
127.8000001190 -6.1505847086
127.9600001192 -6.1315917831
128.0800001193 -6.0883730356
128.2400001194 -6.0699703401
128.3600001195 -6.0450020725
128.5000001197 -6.0147658541
128.6400001198 -6.0023124992
128.8000001200 -5.9836344769
128.9200001201 -5.9809237533
129.0800001202 -5.9937899878
129.2200001203 -5.9985322689
129.3800001205 -6.0091034703
129.5400001206 -6.0345011832
129.6800001208 -6.0367413053
129.8200001209 -6.0618428687
129.9600001210 -6.0621331960
130.1000001212 -6.0591435553
130.2600001213 -6.0741310959
130.4000001214 -6.0834633020
130.5400001216 -6.0782661106
130.6800001217 -6.0825859792
130.8200001218 -6.0740820889
130.9600001220 -6.0683133666
131.1200001221 -6.0762306863
131.2600001222 -6.0765257068
131.4200001224 -6.0845867994
131.5600001225 -6.1100702704
131.7000001227 -6.1295075108
131.8400001228 -6.1650907169
132.0000001229 -6.1916574926
132.1400001231 -6.2065060328
132.3000001232 -6.2285670548
132.4600001234 -6.2460710080
132.6200001235 -6.2574925707
132.7800001237 -6.2577587648
132.9400001238 -6.2466018337
133.0800001239 -6.2254554158
133.2400001241 -6.2045354641
133.3800001242 -6.1541147887
133.5200001244 -6.0978097721
133.6800001245 -6.0356887926
133.8200001246 -5.9679004428
133.9600001248 -5.8947575843
134.1200001249 -5.8307515352
134.2800001251 -5.7691836147
134.4200001252 -5.7130582428
134.5600001253 -5.6517900816
134.7000001254 -5.6100931506
134.8600001256 -5.5815568398
135.0000001257 -5.5681901764
135.1400001259 -5.5570977158
135.2800001260 -5.5647799128
135.4200001261 -5.5658527925
135.5600001263 -5.5836345474
135.7200001264 -5.5918468040
135.8800001265 -5.6042237728
136.0400001267 -5.5950376638
136.1800001268 -5.5985848176
136.3400001270 -5.5842751620
136.4800001271 -5.5634262215
136.6400001273 -5.5474530214
136.7800001274 -5.5319478424
136.9200001275 -5.5213450345
137.0600001276 -5.5193324490
137.2000001278 -5.5056215937
137.3400001279 -5.5012171689
137.4800001280 -5.5164820859
137.6200001282 -5.5490562083
137.7800001283 -5.5744467729
137.9400001285 -5.6036377613
138.0800001286 -5.6207126745
138.2400001287 -5.6540325652
138.4000001289 -5.6679216701
138.5600001290 -5.6708298350
138.7200001292 -5.6669411392
138.8600001293 -5.6704067513
138.9800001294 -5.6695087642
139.1200001296 -5.6664613660
139.2800001297 -5.6544848562
139.4200001298 -5.6480702497
139.5800001300 -5.6436300251
139.7200001301 -5.6409849806
139.8800001303 -5.6315129295
140.0200001304 -5.6350944030
140.1600001305 -5.6285304523
140.3000001307 -5.6399719136
140.4400001308 -5.6339212007
140.6000001309 -5.6222466688
140.7400001311 -5.6092022376
140.9000001312 -5.5951942132
141.0600001314 -5.5815842221
141.2000001315 -5.5792764994
141.3600001317 -5.5562737304
141.5000001318 -5.5437096591
141.6600001319 -5.5417827096
141.8000001321 -5.5339748204
141.9400001322 -5.5325444824
142.0600001323 -5.5360407843
142.2200001325 -5.5430985027
142.3800001326 -5.5527179235
142.5200001327 -5.5513577227
142.6800001329 -5.5677571220
142.8400001330 -5.5725861340
142.9600001331 -5.5878813146
143.1000001333 -5.5798562452
143.2600001334 -5.5771187963
143.4200001336 -5.5567671987
143.5600001337 -5.5512625266
143.7200001338 -5.5308911242
143.8600001340 -5.5089062854
144.0200001341 -5.4733315909
144.1600001343 -5.4328308884
144.3200001344 -5.4008646749
144.4800001346 -5.3799454246
144.6400001347 -5.3605628493
144.7800001348 -5.3244469388
144.9200001350 -5.3053878081
145.0400001351 -5.2824537856
145.1800001352 -5.2622304434
145.3200001353 -5.2551394447
145.4800001355 -5.2391092690
145.6200001356 -5.2288200822
145.7600001357 -5.2020344649
145.9000001359 -5.1827061413
146.0600001360 -5.1629574725
146.2200001362 -5.1526523981
146.3600001363 -5.1421969842
146.5000001364 -5.1225248031
146.6400001366 -5.1076593330
146.7800001367 -5.1032664662
146.9400001368 -5.0971988461
147.0800001370 -5.1167735290
147.2200001371 -5.1283695006
147.3600001372 -5.1295143234
147.5200001374 -5.1413584156
147.6800001375 -5.1532617030
147.8400001377 -5.1596244962
147.9800001378 -5.1591743302
148.1200001379 -5.1527056188
148.2800001381 -5.1489994336
148.4400001382 -5.1343175158
148.5800001384 -5.1189899359
148.7400001385 -5.1122052184
148.8800001387 -5.0958083612
149.0200001388 -5.0697885535
149.1800001389 -5.0572249794
149.3400001391 -5.0493559500
149.4800001392 -5.0456460006
149.6400001394 -5.0419043751
149.7600001395 -5.0374622381
149.9000001396 -5.0368765596
150.0600001398 -5.0486402491
150.1800001399 -5.0415371486
150.3400001400 -5.0550548038
150.4800001401 -5.0575876154
150.6200001403 -5.0480366605
150.7800001404 -5.0361957749
150.9400001406 -5.0395949626
151.1000001407 -5.0300755032
151.2400001409 -5.0278416359
151.3800001410 -5.0141782957
151.5400001411 -5.0025969346
151.7000001413 -4.9909640097
151.8400001414 -4.9803571479
152.0000001416 -4.9726279806
152.1400001417 -4.9757242144
152.2800001418 -4.9745554001
152.4200001420 -4.9801429295
152.5800001421 -4.9908999348
152.7400001423 -5.0132471560
152.8800001424 -5.0268393156
153.0400001425 -5.0427217846
153.1800001427 -5.0601845762
153.3200001428 -5.0868212324
153.4800001429 -5.1035131480
153.6200001431 -5.1297976955
153.7800001432 -5.1423371452
153.9400001434 -5.1474997648
154.0800001435 -5.1472242700
154.2200001436 -5.1324667376
154.3800001438 -5.1083876315
154.5400001439 -5.0848563284
154.7000001441 -5.0548672946
154.8600001442 -5.0280407230
155.0000001444 -4.9769729471
155.1600001445 -4.9308322584
155.3200001447 -4.8843220849
155.4600001448 -4.8442761384
155.6000001449 -4.8127220226
155.7600001451 -4.7795313866
155.9000001452 -4.7629462019
156.0200001453 -4.7437117319
156.1200001454 -4.7272410243
156.2800001455 -4.7224215361
156.4400001457 -4.7091414909
156.5800001458 -4.7040824567
156.7200001460 -4.6880023594
156.8800001461 -4.6749756415
157.0400001463 -4.6538615585
157.2000001464 -4.6290746185
157.3400001465 -4.6023290449
157.5000001467 -4.5820105678
157.6400001468 -4.5444357249
157.7800001469 -4.5198690933
157.9400001471 -4.4909564467
158.0800001472 -4.4836577578
158.2400001474 -4.4809666033
158.3800001475 -4.4767741858
158.5200001476 -4.4712628300
158.6600001478 -4.4698629315
158.8200001479 -4.4888731101
158.9600001480 -4.4907778546
159.1200001482 -4.5101505894
159.2600001483 -4.5280516075
159.4200001485 -4.5260188208
159.5600001486 -4.5281243540
159.7200001488 -4.5150371030
159.8800001489 -4.5042782676
160.0400001490 -4.4848161264
160.1800001492 -4.4572359016
160.3200001493 -4.4258128700
160.4800001495 -4.3923517240
160.6200001496 -4.3468985032
160.7800001497 -4.3194665532
160.9400001499 -4.2874058268
161.0800001500 -4.2712659361
161.2200001501 -4.2554594477
161.3600001503 -4.2416365440
161.5000001504 -4.2361315219
161.6400001505 -4.2552324081
161.7800001507 -4.2804545073
161.9400001508 -4.3034714542
162.0800001509 -4.3400182740
162.2200001511 -4.3596765104
162.3800001512 -4.3875488321
162.5400001514 -4.4219890537
162.7000001515 -4.4519830956
162.8600001517 -4.4780320459
163.0000001518 -4.5009437846
163.1400001519 -4.5216319869
163.3000001521 -4.5409290317
163.4600001522 -4.5522840175
163.6200001524 -4.5729909446
163.7800001525 -4.5819489410
163.9200001527 -4.5880931755
164.0800001528 -4.5835929375
164.2400001530 -4.5832829580
164.4000001531 -4.5794238069
164.5600001533 -4.5788071884
164.7200001534 -4.5617970563
164.8800001536 -4.5391050567
165.0400001537 -4.5156191207
165.2000001539 -4.4824036124
165.3600001540 -4.4465315407
165.5000001541 -4.4151434529
165.6600001543 -4.3817515443
165.8000001544 -4.3509004762
165.9600001546 -4.3231987520
166.1200001547 -4.2891983236
166.2800001549 -4.2653460527
166.4200001550 -4.2457909761
166.5800001551 -4.2314556219
166.7400001553 -4.2131399840
166.8800001554 -4.1968968425
167.0200001555 -4.1884761670
167.1600001557 -4.1700039529
167.3200001558 -4.1666027625
167.4800001560 -4.1544978147
167.6400001561 -4.1334203324
167.7800001563 -4.1086992895
167.9400001564 -4.0865372765
168.1000001566 -4.0608011098
168.2600001567 -4.0269266385
168.4000001568 -3.9988714720
168.5400001570 -3.9778894980
168.6800001571 -3.9599337443
168.8200001572 -3.9305250417
168.9800001574 -3.9056912660
169.1400001575 -3.8843858243
169.2800001577 -3.8816975175
169.4200001578 -3.8654153520
169.5600001579 -3.8505607687
169.7200001581 -3.8453089269
169.8600001582 -3.8400511170
170.0000001583 -3.8311124822
170.1600001585 -3.8185553491
170.3200001586 -3.8024672894
170.4600001588 -3.7859966213
170.6000001589 -3.7731719832
170.7400001590 -3.7617191418
170.9000001592 -3.7583400350
171.0400001593 -3.7585349743
171.1800001594 -3.7573426548
171.3400001596 -3.7713062211
171.4800001597 -3.7819302816
171.6200001598 -3.7974677887
171.7600001600 -3.8200146688
171.9000001601 -3.8541488652
172.0600001602 -3.8890690406
172.2200001604 -3.9236429412
172.3600001605 -3.9503774938
172.5200001607 -3.9742489672
172.6800001608 -3.9993888549
172.8400001610 -4.0131446460
173.0000001611 -4.0307225045
173.1400001612 -4.0431088233
173.3000001614 -4.0420114759
173.4600001615 -4.0425110145
173.6200001617 -4.0331846328
173.7800001618 -4.0236261746
173.9400001620 -4.0203302138
174.1000001621 -3.9998271244
174.2400001623 -3.9768926791
174.4000001624 -3.9597164237
174.5800001626 -3.9425437827
174.7400001627 -3.9318909444
174.9000001629 -3.9135501975
175.0400001630 -3.8884418794
175.2000001632 -3.8797268483
175.3600001633 -3.8594209766
175.5200001635 -3.8476796661
175.6800001636 -3.8301985279
175.8200001637 -3.8180572573
175.9600001639 -3.7956434444
176.1200001640 -3.7794362971
176.2800001642 -3.7630986890
176.4400001643 -3.7376979827
176.6000001645 -3.7230246545
176.7400001646 -3.6998378221
176.9200001648 -3.6784360658
177.0600001649 -3.6602895468
177.2200001650 -3.6469368719
177.3600001652 -3.6456127048
177.5000001653 -3.6489015078
177.6400001654 -3.6430850492
177.8000001656 -3.6407456160
177.9600001657 -3.6475950466
178.1000001659 -3.6558882604
178.2600001660 -3.6610841537
178.4200001662 -3.6550407710
178.5800001663 -3.6514089477
178.7400001665 -3.6320973558
178.9000001666 -3.6198416323
179.0600001668 -3.6024103973
179.2200001669 -3.5740034580
179.3600001670 -3.5443094218
179.5000001672 -3.5098163911
179.6600001673 -3.4903479229
179.8200001675 -3.4595507931
179.9600001676 -3.4311500937
180.1200001677 -3.4125166907
180.2600001679 -3.3981118882
180.4000001680 -3.3878230187
180.5600001682 -3.3734737805
180.7200001683 -3.3595467930
180.8600001684 -3.3507532412
181.0000001686 -3.3384706447
181.1400001687 -3.3249744128
181.3000001688 -3.3132853632
181.4400001690 -3.3090428685
181.5800001691 -3.2914474873
181.7400001693 -3.2793064062
181.9000001694 -3.2725638299
182.0600001696 -3.2537763293
182.2000001697 -3.2359269669
182.3400001698 -3.2237090927
182.4800001699 -3.2032445433
182.6200001701 -3.1950584862
182.7800001702 -3.1731460222
182.9400001704 -3.1633429215
183.1000001705 -3.1534252290
183.2400001707 -3.1317265367
183.3800001708 -3.1192192715
183.5400001709 -3.1116302610
183.6800001711 -3.1074193344
183.8200001712 -3.1115947103
183.9600001713 -3.1197546984
184.1000001715 -3.1243490295
184.2600001716 -3.1313600793
184.4000001717 -3.1421784652
184.5600001719 -3.1552318082
184.7200001720 -3.1745084841
184.8600001722 -3.1844472038
185.0200001723 -3.1915576229
185.1800001725 -3.2035442075
185.3200001726 -3.2130170904
185.4800001727 -3.2206008119
185.6400001729 -3.2268854607
185.7800001730 -3.2198605420
185.9400001732 -3.2161087661
186.1000001733 -3.2094410094
186.2600001735 -3.2022936804
186.4200001736 -3.1994511753
186.5600001737 -3.1888422131
186.7200001739 -3.1783790460
186.8800001740 -3.1663322434
187.0400001742 -3.1524033920
187.2000001743 -3.1399552585
187.3600001745 -3.1343870760
187.5000001746 -3.1241430196
187.6400001748 -3.1168324898
187.8000001749 -2.8222790919
187.9600001751 -2.2046027932
188.1200001752 -1.4208484433
188.2800001753 -0.3476721691
188.4400001755 1.1475355706
188.5800001756 2.9516158504
188.7400001758 5.1268467814
188.9000001759 7.7370107726
189.0600001761 10.6729296184
189.2200001762 13.7690941769
189.4000001764 17.0699065711
189.5600001765 20.3867670719
189.7200001767 23.5115303728
189.8600001768 26.4927331367
190.0000001770 29.1960453320
190.1600001771 31.4740285876
190.3000001772 33.4620377949
190.4400001774 35.0089180289
190.6000001775 36.1955404171
190.7600001777 37.0550932555
190.9000001778 37.7269183486
191.0600001779 38.0018787793
191.2200001781 38.0512126968
191.3600001782 38.1410810302
191.5200001784 38.2031108513
191.6800001785 38.1959183421
191.8200001786 38.2942663053
191.9800001788 38.3235959487
192.1200001789 38.2910867001
192.2600001791 38.3632098192
192.4000001792 38.5283510181
192.5600001793 38.6352484113
192.7200001795 38.6687223916
192.8800001796 38.8183222642
193.0400001798 38.7770629932
193.2000001799 38.7871349593
193.3600001801 38.8582787900
193.5200001802 38.8625018080
193.6600001804 38.9628782988
193.8000001805 39.0816294611
193.9600001806 39.2416794489
194.1200001808 39.2886432249
194.2800001809 39.3721918352
194.4200001811 39.4789485262
194.5800001812 39.6668021920
194.7400001814 39.8565311630
194.9000001815 39.9409003104
195.0600001817 40.0593524064
195.2200001818 40.2217162903
195.3800001820 40.3447879451
195.5400001821 40.3919042783
195.7000001823 40.3646982412
195.8400001824 40.3201564869
195.9800001825 40.4258049988
196.1200001827 40.3816865904
196.2800001828 40.4920411406
196.4600001830 40.4252655184
196.6000001831 40.3172618298
196.7600001832 40.2437549259
196.9200001834 40.1505520870
197.0800001835 39.9484772512
197.2400001837 39.7935651110
197.4000001838 39.6952300132
197.5400001840 39.5910870620
197.7000001841 39.4199426309
197.8600001843 39.1871520277
198.0200001844 38.5768425932
198.1800001846 38.1665031109
198.3200001847 37.5667192531
198.4800001848 36.8400781403
198.6400001850 35.9084720665
198.7800001851 34.7917518597
198.9400001853 33.6241425039
199.1000001854 32.3154946138
199.2600001856 30.7989622943
199.4000001857 29.3234029297
199.5400001858 27.8437485999
202.9000001890 26.5560283024
203.0600001891 25.3645190941
203.2200001893 24.2674725827
203.3800001894 23.4076635362
203.5200001895 22.7565567129
203.6600001897 22.2290769138
203.8200001898 21.8706919335
203.9800001900 21.6473638746
204.1400001901 21.5922701278
204.2800001903 21.6062334749
204.4400001904 21.9515962469
204.6000001905 22.0542410519
204.7400001907 22.2170327118
204.8800001908 22.3761648384
205.0400001910 22.6420668917
205.2000001911 22.8577644807
205.3600001913 23.0085924432
205.5200001914 23.1266559189
205.6800001916 23.2282599185
205.8400001917 23.2520090336
206.0000001919 23.1606493690
206.1600001920 23.0635075667
206.3200001922 22.9695112113
206.4800001923 22.8502991393
206.6200001924 22.6411945892
206.7800001926 22.4838396482
206.9200001927 22.3636150050
207.0600001928 22.2506966267
207.2000001930 22.2405020145
207.3400001931 22.2951870246
207.4800001932 22.3516040708
207.6200001934 22.4909660506
207.7800001935 22.6062014695
207.9400001937 22.7779339272
208.1000001938 22.9969689289
208.2400001939 23.1128599636
208.3800001941 23.3068530818
208.5400001942 23.4892593609
208.6800001943 23.6660866927
208.8400001945 23.8433780182
209.0000001946 23.9668928730
209.1400001948 24.0725180158
209.3000001949 24.1173257532
209.4400001951 24.1452432803
209.6000001952 24.2039443663
209.7600001954 24.2284280817
209.9000001955 24.2603033975
210.0600001956 24.1705613052
210.2200001958 24.1541956756
210.3800001959 24.0308323918
210.5400001961 23.9632754455
210.6800001962 23.9012348910
210.8200001963 23.7983910621
210.9600001965 23.8126038572
211.1000001966 23.7553140530
211.2600001968 23.7178111725
211.4000001969 23.7289915115
211.5600001970 23.6863784304
211.7000001972 23.6993195676
211.8600001973 23.6639888437
212.0000001974 23.6782066357
212.1600001976 23.7462825869
212.3000001977 23.7615068324
212.4400001979 23.8347561433
212.6000001980 23.8753199964
212.7400001981 23.9496257120
212.9000001983 24.1151730957
213.0400001984 24.2121246557
213.1800001985 24.4301735731
213.3400001987 24.5619597643
213.4800001988 24.7947352069
213.6400001990 24.9199271496
213.8000001991 25.0643362646
213.9400001992 25.2242691184
214.1000001994 25.3210891554
214.2400001995 25.3925323129
214.4000001997 25.4220311294
214.5600001998 25.4130245521
214.7000002000 25.3691672384
214.8600002001 25.3174685218
215.0000002002 25.2580493295
215.1600002004 25.1999169823
215.3000002005 25.1035258043
215.4400002006 25.0514585999
215.6000002008 25.0110548900
215.7600002009 24.9835724106
215.9000002011 24.9775146374
216.0400002012 24.9506297643
216.1800002013 24.9818822952
216.3200002015 24.9665655672
216.4800002016 25.0650873807
216.6200002017 25.0683858640
216.7800002019 25.1143815903
216.9200002020 25.2032900191
217.0600002022 25.2560239580
217.2200002023 25.3373832257
217.3600002024 25.4269110662
217.5200002026 25.5746072406
217.6600002027 25.6797095526
217.8000002028 25.8515152681
217.9400002030 26.0069156398
218.1000002031 26.1789747382
218.2600002033 26.3628337199
218.4000002034 26.6115555231
218.5600002035 26.8586346470
218.7200002037 27.0603856905
218.8800002038 27.3181355225
219.0200002040 27.5272050125
219.1800002041 27.7247000538
219.3200002043 27.9542926688
219.4800002044 28.1738185804
219.6400002046 28.3412363077
219.7800002047 28.5585719152
219.9400002048 28.7610256021
220.1000002050 28.9061996146
220.2600002051 28.9860455394
220.4200002053 29.1031172795
220.5800002054 29.2540784190
220.7400002056 29.3359921509
220.8800002057 29.4593868585
221.0400002059 29.5222273939
221.2000002060 29.5918724291
221.3600002062 29.7135277514
221.5200002063 29.7146561727
221.6800002065 29.7688908853
221.8400002066 29.7588839889
221.9800002067 29.7205413553
222.1400002069 29.7137138451
222.3000002070 29.6211015874
222.4600002072 29.5972827803
222.6200002073 29.4955135183
222.7800002075 29.3914782889
222.9400002076 29.2970293268
223.1000002078 29.2265215480
223.2400002079 29.1235461238
223.4000002081 29.1095061584
223.5400002082 29.1897674410
223.6800002083 29.2590683006
223.8400002085 29.3094087307
223.9800002086 29.4413997422
224.1400002087 29.5957920034
224.3000002089 29.7609625883
224.4600002090 29.9279519270
224.6200002092 30.0915897216
224.7800002093 30.2963909218
224.9200002095 30.4357367188
225.0800002096 30.5546433321
225.2400002098 30.7038684539
225.4000002099 30.7955014300
225.5400002101 30.9422441202
225.7000002102 31.0310291658
225.8600002103 31.1272911129
226.0200002105 31.2275195482
226.1800002106 31.3300059625
226.3400002108 31.4348356228
226.5000002109 31.5900177164
226.6600002111 31.6130391311
226.8000002112 31.6878912807
226.9600002114 31.7639070740
227.1200002115 31.8855763843
227.2800002117 31.8652519673
227.4400002118 31.8858978896
227.6000002120 31.8225637218
227.7600002121 31.5672389692
227.9200002123 31.4186060114
228.0800002124 31.1594974792
228.2400002126 30.8402807874
228.3800002127 30.5896677458
228.5400002128 30.1902076191
228.7000002130 29.8531817211
228.8600002131 29.4793096627
229.0000002133 29.1356234742
229.1600002134 28.8367389649
229.3000002136 28.5918411231
229.4200002137 28.4790040508
229.5800002138 28.4525516257
229.7200002139 28.5114216167
229.8600002141 28.6230593105
230.0200002142 28.7067925901
230.1600002144 28.8937104145
230.3200002145 29.0473096617
230.4600002146 29.2498350533
230.6000002148 29.4470672308
230.7400002149 29.6284807339
230.8800002150 29.9403189442
231.0400002152 30.0556559043
231.2000002153 30.1663612302
231.3600002155 30.2467761201
231.5000002156 30.3241863860
231.6200002157 30.4731697431
231.7800002159 30.5801824240
231.9200002160 30.7727484958
232.0600002161 30.9075265912
232.2200002163 31.0334596117
232.3600002164 31.2222089632
232.5200002166 31.2931969906
232.6800002167 31.3546639960
232.8200002168 31.3884883588
232.9600002170 31.5081852930
233.1200002171 31.5919012336
233.2800002173 31.5209607061
233.4400002174 31.5509412672
233.6000002176 31.4929549522
233.7400002177 31.2006943235
233.8800002178 31.1271027973
234.0400002180 31.0038934199
234.1800002181 30.9149597710
234.3200002182 30.9185273905
234.4600002184 30.9531175217
234.6200002185 30.9819967741
234.7800002187 31.0871681542
234.9200002188 31.1912053420
235.0800002189 31.4179905078
235.2200002191 31.7604684263
235.3400002192 32.1382200059
235.5000002193 32.3290222490
235.6600002195 32.6911429107
235.8200002196 33.0250005170
236.0000002198 33.3189222056
236.1600002199 33.5154238998
236.3200002201 33.6053571285
236.4800002202 33.6873041737
236.6200002204 33.7191912510
236.7800002205 33.7894527774
236.9400002207 33.8625367348
237.0800002208 33.7027484273
237.2200002209 33.6251586574
237.3800002211 33.5775786163
237.5400002212 33.5620173563
237.7000002214 33.4982859384
237.8600002215 33.5176574650
238.0000002217 33.4858030823
238.1400002218 33.5873202279
238.3000002219 33.5612815723
238.4600002221 33.6168109648
238.6000002222 33.6141756321
238.7400002223 33.7039359229
238.9000002225 33.7066934158
239.0600002226 33.6421078577
239.2200002228 33.6397905942
239.3600002229 33.6478183060
239.5200002231 33.6428872612
239.6600002232 33.6920025103
239.8200002233 33.7027630468
239.9600002235 33.6788973908
240.1200002236 33.7251678267
240.2600002238 33.8442235620
240.4000002239 33.8452714975
240.5600002240 33.9353129130
240.7000002242 34.0510267186
240.8600002243 34.2419549497
241.0200002245 34.2915092100
241.1600002246 34.4691353271
241.3200002247 34.5042782333
241.4800002249 34.6691570959
241.6200002250 34.7789367273
241.7600002252 34.8856450988
241.9200002253 35.0472363260
242.0600002254 35.1568335164
242.2200002256 35.2620547978
242.3800002257 35.2754855831
242.5400002259 35.3538235524
242.6800002260 35.4929535811
242.8400002262 35.5624766385
242.9800002263 35.6493747191
243.1400002264 35.8143543153
243.3000002266 35.9872423753
243.4400002267 36.1245206001
243.6000002269 36.3675619436
243.7600002270 36.5810647584
243.9000002271 36.8425635518
244.0600002273 37.1411772449
244.2600002275 37.5199257637
244.4600002277 37.8304968175
244.6400002278 38.1991693371
244.8600002280 38.4775909658
245.0400002282 38.7390028167
245.2400002284 39.0316467019
245.4200002286 39.2158042934
245.6000002287 39.3752674899
245.7400002289 39.5673233301
245.9000002290 39.7158517166
246.0600002292 39.7732547629
246.2200002293 39.8261112978
246.3800002295 39.8740517239
246.5400002296 39.9167780150
246.7000002298 39.9541013703
246.8600002299 39.9859739395
